orb

# BITSY VERSION 4.5

! ROOM_FORMAT 1

PAL 0
19,9,23
65,81,130
171,179,199

PAL 1
255,255,255
255,255,255
255,255,255

PAL 2
255,255,255
255,255,255
255,255,255

ROOM 0
s,s,s,s,s,s,s,s,s,s,s,s,s,s,s,s
s,s,s,s,s,s,s,s,s,s,s,s,s,s,s,s
s,s,s,s,c,k,b,b,i,r,b,v,s,s,s,s
s,s,s,s,l,j,0,0,0,0,x,t,s,s,s,s
s,s,s,s,a,m,0,0,0,0,0,t,s,s,s,s
s,s,s,s,a,n,0,0,0,0,0,t,s,s,s,s
s,s,s,s,q,p,o,0,0,0,0,t,s,s,s,s
s,s,s,s,s,s,s,s,w,s,s,s,s,s,s,s
s,s,s,s,s,s,s,s,s,s,s,s,s,s,s,s
s,s,s,s,s,s,s,s,s,s,s,s,s,s,s,s
s,s,s,s,s,s,s,s,s,s,s,s,s,s,s,s
s,s,s,s,s,s,s,s,s,s,s,s,s,s,s,s
s,s,s,s,s,s,s,s,s,s,s,s,s,s,s,s
s,s,s,s,s,s,s,s,s,s,s,s,s,s,s,s
s,s,s,s,s,s,s,s,s,s,s,s,s,s,s,s
s,s,s,s,s,s,s,s,s,s,s,s,s,s,s,s
NAME home
EXT 8,7 2 8,7
PAL 0

ROOM 2
0,0,0,0,0,0,0,0,0,0,0,0,0,0,0,0
0,0,0,0,0,0,0,0,0,0,0,0,0,0,0,0
0,0,0,0,0,0,0,0,0,0,0,0,0,0,0,0
0,0,0,0,0,0,0,0,0,0,0,0,0,0,0,0
0,0,0,0,0,0,0,0,0,0,0,0,0,0,0,0
0,0,0,0,0,15,15,15,15,15,15,15,0,0,0,0
12,12,12,12,12,12,12,12,16,12,12,12,12,12,12,12
11,11,11,11,11,11,11,11,y,11,11,11,11,11,11,13
0,0,x,0,0,x,0,0,0,0,0,0,0,x,0,0
w,0,0,0,0,0,0,0,x,0,z,p,14,10,p,p
b,b,b,b,b,b,b,b,b,b,b,b,b,b,b,b
0,0,0,0,0,0,0,0,0,0,0,0,0,0,0,0
0,0,0,0,0,0,0,0,0,0,0,0,0,0,0,0
0,0,0,0,0,0,0,0,0,0,0,0,0,0,0,0
0,0,0,0,0,0,0,0,0,0,0,0,0,0,0,0
0,0,0,0,0,0,0,0,0,0,0,0,0,0,0,0
NAME hallway
EXT 8,7 0 8,7
EXT 0,8 3 15,8
EXT 0,9 0 0,0
PAL 0

ROOM 3
0,0,0,0,0,0,0,0,0,0,0,0,0,0,0,0
0,0,0,0,0,0,0,0,0,0,0,0,0,0,0,0
0,0,0,0,0,0,0,0,0,0,0,0,0,0,0,0
0,0,0,0,0,0,0,0,0,0,0,0,0,0,0,0
0,0,0,0,0,0,0,0,0,0,0,0,0,0,0,0
0,0,0,0,0,0,0,0,0,0,0,0,0,15,0,0
0,0,0,0,0,0,0,0,0,0,0,0,19,18,12,12
0,0,0,0,0,0,0,0,0,0,0,0,u,17,11,13
0,0,0,0,0,0,0,0,0,0,0,0,u,0,0,0
0,0,0,0,0,0,0,0,0,0,0,0,u,o,0,0
0,0,0,0,0,0,0,0,0,0,0,0,f,b,b,b
0,0,0,0,0,0,0,0,0,0,0,0,0,0,0,0
0,0,0,0,0,0,0,0,0,0,0,0,0,0,0,0
0,0,0,0,0,0,0,0,0,0,0,0,0,0,0,0
0,0,0,0,0,0,0,0,0,0,0,0,0,0,0,0
0,0,0,0,0,0,0,0,0,0,0,0,0,0,0,0
NAME west corridor
EXT 15,8 2 0,8
EXT 15,9 2 0,9
EXT 13,6 4 13,6
PAL 0

ROOM 4
0,0,0,0,0,0,0,0,0,0,0,0,0,0,0,0
0,0,0,0,0,0,0,0,0,0,0,0,0,0,0,0
0,0,0,0,0,0,0,0,0,0,0,0,0,0,0,0
0,0,0,0,0,0,0,0,0,0,0,0,19,12,12,1f
0,0,0,0,0,0,0,0,0,0,0,0,1d,11,11,1e
0,0,0,0,0,0,0,0,0,0,0,0,1b,0,z,1h
0,0,0,0,0,0,0,0,0,0,0,0,u,1a,s,1e
0,0,0,0,0,0,0,0,0,0,0,0,f,b,b,1g
0,0,0,0,0,0,0,0,0,0,0,0,0,0,0,0
0,0,0,0,0,0,0,0,0,0,0,0,0,0,0,0
0,0,0,0,0,0,0,0,0,0,0,0,0,0,0,0
0,0,0,0,0,0,0,0,0,0,0,0,0,0,0,0
0,0,0,0,0,0,0,0,0,0,0,0,0,0,0,0
0,0,0,0,0,0,0,0,0,0,0,0,0,0,0,0
0,0,0,0,0,0,0,0,0,0,0,0,0,0,0,0
0,0,0,0,0,0,0,0,0,0,0,0,0,0,0,0
NAME entrance
EXT 13,6 3 13,6
EXT 12,5 5 12,5
PAL 0

ROOM 5
0,0,0,0,0,0,0,0,0,0,0,0,0,0,0,0
0,0,0,0,0,0,0,0,0,0,0,0,0,0,0,0
0,0,0,0,0,0,0,0,0,0,0,0,0,0,0,0
0,0,19,12,12,12,12,12,12,12,12,12,12,12,12,1f
0,0,u,11,11,11,11,11,11,11,11,11,11,s,s,1e
0,0,u,0,0,0,0,0,0,0,0,0,1b,s,s,1e
0,0,u,0,0,0,0,0,0,0,0,0,u,s,s,1e
0,0,u,0,0,0,0,0,0,0,0,0,u,b,b,1g
0,0,u,0,0,0,0,0,0,0,0,0,u,0,0,0
0,0,u,0,0,0,0,0,0,0,0,0,u,0,0,0
0,0,u,0,0,0,0,0,0,0,0,0,u,0,0,0
0,0,u,s,s,s,s,s,s,s,s,s,s,0,0,0
0,0,u,s,s,s,s,s,s,s,s,s,s,0,0,0
0,0,0,0,0,0,0,0,0,0,0,0,0,0,0,0
0,0,0,0,0,0,0,0,0,0,0,0,0,0,0,0
0,0,0,0,0,0,0,0,0,0,0,0,0,0,0,0
NAME big room
EXT 12,5 4 12,5
PAL 0

TIL 10
00000000
11111111
11111111
00000000
00000000
00000000
00000100
00000000
WAL true

TIL 11
11111111
11111111
11111111
11111111
11111011
10111111
00000000
11111111
WAL true

TIL 12
00000000
00000000
00000000
01010101
00000000
11111111
11111111
11111111
WAL true

TIL 13
11111110
11111100
11111110
11111100
11111110
11111100
00000000
11111110
WAL true

TIL 14
00000000
11110111
10110110
00000000
00000000
00000000
00000000
00000000
WAL true

TIL 15
00000000
00000000
00000000
00000000
00000000
00000000
00000000
00100000
WAL true

TIL 16
00000000
00000000
00000000
01010101
00000000
11111111
00000000
00000000
WAL true

TIL 17
10000001
10111101
10000001
10111101
10000001
10111101
00000000
10111101
WAL false

TIL 18
00000000
00000000
00000000
01010101
00000000
10111101
10000001
10111101
WAL false

TIL 19
00000000
00000000
00000000
00010101
00000000
00011111
00011111
00011111
WAL true

TIL a
00111000
00111000
00111000
00111000
00111000
00111000
00111000
00111000
WAL true

TIL b
11111111
11111111
11111111
11111111
11111111
11111111
00000000
00000000
WAL true

TIL c
11111111
11111111
11111111
11111111
11111111
11111111
11111000
11111000
WAL true

TIL d
11111000
11111000
11111000
11111000
11111000
11111000
00011000
00011000
WAL true

TIL e
11111000
11111000
11111000
11111000
11111000
11111000
00000000
00000000
WAL true

TIL f
00011111
00011111
00011111
00011111
00011111
00011111
00000000
00000000
WAL true

TIL g
00000000
00000000
01000000
00000000
00000100
00001110
00000100
00000000

TIL h
00000000
00000000
00000000
00010000
00000000
00000000
00000000
00000000

TIL i
11111111
11111101
11111101
11111111
10111111
11111111
00000000
00000000
WAL true

TIL j
00111100
00111100
00111100
11111100
11111100
11111100
11111000
00000000
WAL true

TIL k
11111101
11111101
11111101
11111101
11111101
11111101
00111100
00111100
WAL true

TIL l
00111000
00111000
00111000
00111111
00111111
00111111
00111111
00111000
WAL true

TIL m
00010000
00000000
00000000
00000000
00000000
00000000
00000000
00000000
>
00000000
00000000
00000000
00010000
00000000
00000000
00000000
00000000

TIL n
00011000
00000000
00000000
00000000
00000000
00000000
00000000
00000000

TIL o
00000000
11000000
11100000
01100000
01100000
01100000
01100000
01100000
WAL true

TIL p
00000000
11111111
11111111
00000000
00000000
00000000
00000000
00000000
WAL true

TIL q
11111000
11111111
11111111
11111000
11111000
11111000
11111000
11111000
WAL true

TIL r
11111111
11111111
11111101
11111111
11111111
11111111
00000000
00000000
WAL true

TIL s
11111111
11111111
11111111
11111111
11111111
11111111
11111111
11111111
WAL true

TIL t
00111111
00111111
00111111
00111111
00111111
00111111
00111111
00111111
WAL true

TIL u
00011111
00011111
00011111
00011111
00011111
00011111
00011111
00011111
WAL true

TIL v
11111111
11111111
11111111
11111111
11111111
11111111
00111111
00111111
WAL true

TIL w
00000000
00000000
00000000
00000000
00000000
00100110
00000000
11111111

TIL x
00000000
00000000
00000000
00000000
00000000
10111000
00000000
00000000

TIL y
00000000
00000000
00000000
00000000
00100000
10001000
00100000
00001000

TIL z
00000000
00111111
01111111
01100000
01100000
01100000
01100000
01100000
WAL true

TIL 1a
00000000
00000000
00000000
00000000
00000000
01000010
01111110
01000010
WAL false

TIL 1b
00000000
00000000
10010000
00000000
01000000
00000000
00010000
00000000
WAL false

TIL 1c
00000000
00000000
00000000
00000000
00000000
00000000
00011111
00011111
WAL true

TIL 1d
00011111
00011111
00011111
00011111
00011111
00011111
00000000
00011111
WAL true

TIL 1e
11111000
11111000
11111000
11111000
11111000
11111000
11111000
11111000
WAL true

TIL 1f
00000000
00000000
00000000
01010000
00000000
11111000
11111000
11111000
WAL true

TIL 1g
11111000
11111000
11111000
11111000
11111000
11111000
00000000
00000000
WAL true

TIL 1h
01111000
11111000
11111000
00101000
01111000
00010000
01111000
10101000
WAL true

SPR A
00000000
00011000
00011000
00000000
00111100
01111110
00111100
00100100
POS 0 7,3

SPR a
00000000
00000000
01010001
01110001
01110010
01111100
00111100
00100100
DLG SPR_2
POS 0 10,5

SPR b
01100000
01101000
00011100
01111100
01111110
00101110
00101110
00101110
DLG SPR_1
POS 0 9,4

SPR c
00000000
00000000
00010000
00111000
00010000
00000000
00000000
00000000
>
00000000
00000000
00000000
00010000
00000000
00000000
00000000
00000000
POS 2 15,8

ITM 0
00000000
00000000
00000000
00111100
01100100
00100100
00011000
00000000
NAME tea
DLG ITM_0

DLG ITM_0
You found a nice warm cup of tea

DLG SPR_1
you see a wise-looking old man hunched on his walking stick.

DLG SPR_2
the cat purrs.

VAR a
42

